Iteration	CPUTime	PhysTime	Travels	Value	AvValue	MinValue	MaxValue	Delta	Criteria	Progress	dGMaxMin	CriteriaType	CriteriaVarType	CriteriaPercentage
1	3	0	0.0148714261	3.01978733	3.01978733	3.01978733	3.01978733	0	0	0	0	0	0	0	3
2	4	0	0.0297428522	0.949157048	1.98447219	0.949157048	3.01978733	1.03531514	0	0	0	0	0	0	3
3	5	0	0.0446142784	0.461434464	1.47679295	0.461434464	3.01978733	1.54299438	0	0	0	0	0	0	3
4	6	0	0.0594857045	0.369719754	1.20002465	0.369719754	3.01978733	1.81976268	0	0	0	0	0	0	3
5	7	0	0.0743571306	0.28378419	1.01677656	0.28378419	3.01978733	2.00301077	0	0	0	0	0	0	3
6	8	0	0.0892285567	0.226969412	0.885142033	0.226969412	3.01978733	2.1346453	0	0	0	0	0	0	3
7	9	0	0.104099983	0.187629121	0.785497331	0.187629121	3.01978733	2.23429	0	0	0	0	0	0	3
8	10	0	0.118971409	0.147316879	0.705724775	0.147316879	3.01978733	2.31406256	0	0	0	0	0	0	3
9	11	0	0.133842835	0.118609176	0.640489708	0.118609176	3.01978733	2.37929762	0	0	0	0	0	0	3
10	12	0	0.148714261	0.0983848762	0.586279225	0.0983848762	3.01978733	2.43350811	0	0	0	0	0	0	3
11	14	0	0.163585687	0.0904093205	0.541200143	0.0904093205	3.01978733	2.47858719	0	0	0	0	0	0	3
12	14	0	0.178457113	0.0846039655	0.503150461	0.0846039655	3.01978733	2.51663687	0	0	0	0	0	0	3
13	16	0	0.19332854	0.0804789964	0.470637272	0.0804789964	3.01978733	2.54915006	0	0	0	0	0	0	3
14	16	0	0.208199966	0.0764119497	0.44247832	0.0764119497	3.01978733	2.57730901	0	0	0	0	0	0	3
15	18	0	0.223071392	0.0749493585	0.417976389	0.0749493585	3.01978733	2.60181094	0	0	0	0	0	0	3
16	19	0	0.237942818	0.073323096	0.396435559	0.073323096	3.01978733	2.62335177	0	0	0	0	0	0	3
17	20	0	0.252814244	0.0714905673	0.377321147	0.0714905673	3.01978733	2.64246618	0	0	0	0	0	0	3
18	21	0	0.26768567	0.0699112834	0.360242822	0.0699112834	3.01978733	2.65954451	0	0	0	0	0	0	3
19	22	0	0.282557096	0.068619738	0.344894238	0.068619738	3.01978733	2.67489309	0	0	0	0	0	0	3
20	23	0	0.297428522	0.0671080043	0.331004927	0.0671080043	3.01978733	2.6887824	0	0	0	0	0	0	3
21	24	0	0.312299948	0.066211039	0.318395694	0.066211039	3.01978733	2.70139164	0	0	0	0	0	0	3
22	25	0	0.327171375	0.0651915378	0.306886414	0.0651915378	3.01978733	2.71290092	0	0	0	0	0	0	3
23	26	0	0.342042801	0.0640127804	0.296326691	0.0640127804	3.01978733	2.72346064	0	0	0	0	0	0	3
24	27	0	0.356914227	0.0632115073	0.286613558	0.0632115073	3.01978733	2.73317377	0	0	0	0	0	0	3
25	28	0	0.371785653	0.0624749313	0.277648013	0.0624749313	3.01978733	2.74213932	0	0	0	0	0	0	3
26	29	0	0.386657079	0.0619702009	0.269352713	0.0619702009	3.01978733	2.75043462	0	0	0	0	0	0	3
27	30	0	0.401528505	0.0613945104	0.261650557	0.0613945104	3.01978733	2.75813677	0	0	0	0	0	0	3
28	31	0	0.416399931	0.0609999289	0.254484463	0.0609999289	3.01978733	2.76530287	0	0	0	0	0	0	3
29	32	0	0.431271357	0.0604089969	0.247792206	0.0604089969	3.01978733	2.77199512	0	0	0	0	0	0	3
30	33	0	0.446142784	0.0601589765	0.241537765	0.0601589765	3.01978733	2.77824957	0	0	0	0	0	0	3
31	34	0	0.46101421	0.0597788823	0.235674575	0.0597788823	3.01978733	2.78411276	0	0	0	0	0	0	3
32	35	0	0.475885636	0.059986821	0.230184333	0.0597788823	3.01978733	2.789603	0	0	0	0	0	0	3
33	36	0	0.490757062	0.059502482	0.225012155	0.059502482	3.01978733	2.79477517	0	0	0	0	0	0	3
34	37	0	0.505628488	0.0596862481	0.220149629	0.059502482	3.01978733	2.7996377	0	0	0	0	0	0	3
35	38	0	0.520499914	0.0589990671	0.133067621	0.0589990671	0.949157048	0.890157981	0	0	0	0	0	0	3
36	39	0	0.53537134	0.0588438023	0.106881937	0.0588438023	0.461434464	0.402590662	0	0	0	0	0	0	3
37	40	0	0.550242766	0.0584039934	0.0950280998	0.0584039934	0.369719754	0.311315761	0	0	0	0	0	0	3
38	41	0	0.565114192	0.0580736762	0.0858620387	0.0580736762	0.28378419	0.225710514	0	0	0	0	0	0	3
39	42	0	0.579985619	0.0577369964	0.0792135918	0.0577369964	0.226969412	0.169232416	0	0	0	0	0	0	3
40	43	0	0.594857045	0.0576879065	0.074234724	0.0576879065	0.187629121	0.129941215	0	0	0	0	0	0	3
41	44	0	0.609728471	0.0573968798	0.070404364	0.0573968798	0.147316879	0.0899199992	0	0	0	0	0	0	3
42	45	0	0.624599897	0.0573225093	0.0677574708	0.0573225093	0.118609176	0.0612866672	0	0	0	0	0	0	3
43	46	0	0.639471323	0.0570917139	0.0659481336	0.0570917139	0.0983848762	0.0412931623	0	0	0	0	0	0	3
44	47	0	0.654342749	0.0571168982	0.0647343696	0.0570917139	0.0904093205	0.0333176066	0	0	0	0	0	0	3
45	48	0	0.669214175	0.056956056	0.06375045	0.056956056	0.0846039655	0.0276479095	0	0	0	0	0	0	3
46	49	0	0.684085601	0.0569074768	0.0629358474	0.0569074768	0.0804789964	0.0235715196	0	0	0	0	0	0	3
47	50	0	0.698957028	0.0567545143	0.0622380685	0.0567545143	0.0764119497	0.0196574354	0	0	0	0	0	0	3
48	52	0	0.713828454	0.0567850404	0.0616608065	0.0567545143	0.0749493585	0.0181948442	0	0	0	0	0	0	3
49	53	0	0.72869988	0.0565495694	0.0611196362	0.0565495694	0.073323096	0.0167735266	0	0	0	0	0	0	3
50	54	0	0.743571306	0.0566184873	0.0606283242	0.0565495694	0.0714905673	0.0149409979	0	0	0	0	0	0	3
51	55	0	0.758442732	0.0565079829	0.0601876599	0.0565079829	0.0699112834	0.0134033005	0	0	0	0	0	0	3
52	56	0	0.773314158	0.0564383395	0.0597913969	0.0564383395	0.068619738	0.0121813985	0	0	0	0	0	0	3
53	57	0	0.788185584	0.0564217311	0.059432632	0.0564217311	0.0671080043	0.0106862731	0	0	0	0	0	0	3
54	58	0	0.80305701	0.0564495433	0.0591191478	0.0564217311	0.066211039	0.00978930785	0	0	0	0	0	0	3
55	59	0	0.817928437	0.0564751427	0.058832798	0.0564217311	0.0651915378	0.0087698067	0	0	0	0	0	0	3
56	60	0	0.832799863	0.05648747	0.058576796	0.0564217311	0.0640127804	0.00759104923	0	0	0	0	0	0	3
57	61	0	0.847671289	0.0564887236	0.0583555002	0.0564217311	0.0632115073	0.00678977616	0	0	0	0	0	0	3
58	62	0	0.862542715	0.0565762248	0.0581603448	0.0564217311	0.0624749313	0.00605320012	0	0	0	0	0	0	3
59	63	0	0.877414141	0.0565153798	0.0579850639	0.0564217311	0.0619702009	0.00554846975	0	0	0	0	0	0	3
60	64	0	0.892285567	0.056660035	0.0578288825	0.0564217311	0.0613945104	0.00497277923	0	0	0	0	0	0	3
61	65	0	0.907156993	0.0567111534	0.0576911367	0.0564217311	0.0609999289	0.00457819774	0	0	0	0	0	0	3
62	66	0	0.922028419	0.0568185208	0.0575681541	0.0564217311	0.0604089969	0.00398726573	0	0	0	0	0	0	3
63	67	0	0.936899845	0.0568122654	0.0574623679	0.0564217311	0.0601589765	0.0037372454	0	0	0	0	0	0	3
64	68	0	0.951771272	0.0568817782	0.0573659797	0.0564217311	0.059986821	0.00356508986	0	0	0	0	0	0	3
65	69	0	0.966642698	0.0569798313	0.0572836547	0.0564217311	0.059986821	0.00356508986	0	0	0	0	0	0	3
66	70	0	0.981514124	0.0570750843	0.0571980154	0.0564217311	0.0596862481	0.00326451692	0	0	0	0	0	0	3
67	71	0	0.99638555	0.0571803866	0.0571297185	0.0564217311	0.0596862481	0.00326451692	0	0	0	0	0	0	3
68	72	0	1.01125698	0.0572721034	0.0570587142	0.0564217311	0.0589990671	0.00257733594	0.012150382	0	100	0	0	0	3
